 [1] 0.07243558 0.04969040 0.06085806 0.07453560 0.07453560 0.03042903 0.08425417 0.07243558 0.04969040 0.08425417
 [1] 0.4555556 0.4777778 0.4888889 0.4666667 0.4666667 0.4777778 0.4666667 0.4555556 0.4666667 0.4777778
 [1] 0.1600540 0.0745356 0.1685083 0.1448712 0.1394433 0.1383322 0.1685083 0.1448712 0.1600540 0.1685083
 [1] 0.5777778 0.5222222 0.4555556 0.4777778 0.4666667 0.4555556 0.4555556 0.4777778 0.4666667 0.4555556
 [1] 0.1490712 0.1394433 0.1266862 0.1337955 0.1730268 0.1337955 0.1394433 0.1571348 0.1278985 0.1571348
 [1] 0.4555556 0.4666667 0.5111111 0.4777778 0.4333333 0.4777778 0.4666667 0.4444444 0.4777778 0.4444444
 [1] 0.06334308 0.05555556 0.10686324 0.09296223 0.09938080 0.09296223 0.09128709 0.14380199 0.07243558 0.11520245
 [1] 0.5888889 0.6111111 0.4888889 0.5222222 0.4888889 0.4777778 0.5111111 0.4555556 0.5111111 0.4777778
 [1] 0.1266862 0.1266862 0.1266862 0.1326371 0.1438020 0.1266862 0.1337955 0.1266862 0.1337955 0.1242260
 [1] 0.4333333 0.4333333 0.4333333 0.4333333 0.4333333 0.4333333 0.4222222 0.4333333 0.4222222 0.4444444
 [1] 0.15214515 0.06334308 0.12668616 0.13263707 0.09128709 0.09128709 0.15416041 0.15214515 0.15214515 0.15214515
 [1] 0.4444444 0.5222222 0.4555556 0.4555556 0.4888889 0.4888889 0.4333333 0.4444444 0.4444444 0.4444444
 [1] 0.1178511 0.0993808 0.0993808 0.1204416 0.1326371 0.1383322 0.1326371 0.1383322 0.1416394 0.1178511
 [1] 0.4444444 0.4555556 0.4555556 0.4000000 0.4555556 0.4333333 0.4000000 0.4333333 0.4444444 0.4444444
 [1] 0.08425417 0.08425417 0.07243558 0.06334308 0.06804138 0.06804138 0.08425417 0.07243558 0.08425417 0.08425417
 [1] 0.4222222 0.4222222 0.4333333 0.4222222 0.4444444 0.4444444 0.4222222 0.4333333 0.4222222 0.4222222
 [1] 0.09938080 0.09938080 0.10393493 0.07243558 0.06334308 0.08425417 0.06804138 0.08240221 0.10092168 0.10092168
 [1] 0.4555556 0.4555556 0.4444444 0.4888889 0.5222222 0.4666667 0.5000000 0.4888889 0.4666667 0.4777778
 [1] 0.15515822 0.07453560 0.07243558 0.12171612 0.10092168 0.08240221 0.08240221 0.10829771 0.12044157 0.10092168
 [1] 0.5777778 0.5333333 0.4888889 0.4666667 0.4777778 0.4888889 0.4888889 0.4666667 0.4555556 0.4777778
 [1] 0.1712337 0.1712337 0.1638653 0.1712337 0.1638653 0.1712337 0.1712337 0.1666667 0.1712337 0.1712337
 [1] 0.3888889 0.3888889 0.4000000 0.3888889 0.4000000 0.3888889 0.3888889 0.3888889 0.3888889 0.3888889
 [1] 0.08240221 0.08240221 0.08784105 0.11520245 0.06334308 0.08240221 0.07243558 0.08425417 0.06804138 0.08425417
 [1] 0.4555556 0.4555556 0.4444444 0.4777778 0.4777778 0.4555556 0.4333333 0.4666667 0.4444444 0.4666667
 [1] 0.05555556 0.04648111 0.04648111 0.08240221 0.07243558 0.04969040 0.06334308 0.05555556 0.04648111 0.05555556
 [1] 0.4444444 0.4555556 0.4333333 0.4555556 0.4333333 0.4222222 0.4222222 0.4444444 0.4555556 0.4444444
 [1] 0.09296223 0.12044157 0.06334308 0.08240221 0.06804138 0.08425417 0.08240221 0.08784105 0.08240221 0.07856742
 [1] 0.4666667 0.4555556 0.5333333 0.4888889 0.5000000 0.5222222 0.4888889 0.5000000 0.4888889 0.5000000
 [1] 0.08784105 0.08240221 0.11385501 0.08425417 0.09938080 0.10686324 0.10092168 0.08784105 0.08784105 0.08784105
 [1] 0.4444444 0.4555556 0.4555556 0.4666667 0.4333333 0.4555556 0.4222222 0.4444444 0.4444444 0.4444444
 [1] 0.10686324 0.12789849 0.10829771 0.12171612 0.08425417 0.07243558 0.10092168 0.06334308 0.08425417 0.10686324
 [1] 0.5444444 0.5777778 0.5333333 0.4666667 0.5222222 0.5444444 0.4777778 0.5333333 0.5222222 0.4888889
 [1] 0.10686324 0.08784105 0.13263707 0.07243558 0.08240221 0.13263707 0.12789849 0.09296223 0.12789849 0.08784105
 [1] 0.4333333 0.4444444 0.4000000 0.4555556 0.4555556 0.4000000 0.4222222 0.4222222 0.4222222 0.4444444
 [1] 0.1501028 0.1501028 0.1204416 0.1501028 0.1501028 0.1337955 0.1448712 0.1501028 0.1501028 0.1501028
 [1] 0.4111111 0.4111111 0.4333333 0.4111111 0.4222222 0.4222222 0.4222222 0.4111111 0.4111111 0.4111111
 [1] 0.08425417 0.06804138 0.08425417 0.08425417 0.07243558 0.07243558 0.07243558 0.09128709 0.09128709 0.08425417
 [1] 0.4666667 0.5000000 0.4666667 0.4777778 0.4888889 0.4555556 0.4888889 0.4333333 0.4555556 0.4666667
 [1] 0.1694217 0.1416394 0.1694217 0.1867526 0.1326371 0.1694217 0.1326371 0.1541604 0.1694217 0.1541604
 [1] 0.4222222 0.4444444 0.4222222 0.4111111 0.4555556 0.4222222 0.4555556 0.4333333 0.4222222 0.4333333
 [1] 4 4 3 6 1 3 7 5 5 4


 [1] 0.07243558 0.06085806 0.02484520 0.07856742 0.10393493 0.04648111 0.11520245 0.10092168 0.10393493 0.06334308
 [1] 0.4555556 0.4555556 0.4888889 0.5000000 0.5000000 0.5111111 0.4666667 0.5222222 0.5000000 0.4777778
 [1] 0.16005400 0.07856742 0.02484520 0.07856742 0.02484520 0.00000000 0.07856742 0.07453560 0.09622504 0.04969040
 [1] 0.5777778 0.5000000 0.5444444 0.5000000 0.5444444 0.5555556 0.5000000 0.5222222 0.5000000 0.5333333
 [1] 0.1490712 0.1501028 0.1438020 0.1204416 0.1111111 0.1619709 0.1242260 0.1694217 0.1490712 0.1394433
 [1] 0.4555556 0.4777778 0.4888889 0.5111111 0.5000000 0.5000000 0.5000000 0.4666667 0.4555556 0.4666667
 [1] 0.06334308 0.04969040 0.07243558 0.02484520 0.12789849 0.06085806 0.14487116 0.08425417 0.13263707 0.17829785
 [1] 0.5888889 0.5888889 0.6222222 0.5666667 0.5333333 0.5444444 0.5222222 0.5777778 0.5111111 0.5222222
 [1] 0.1266862 0.1648044 0.1242260 0.1242260 0.1266862 0.1438020 0.1648044 0.1501028 0.1448712 0.1068632
 [1] 0.4333333 0.4222222 0.4444444 0.4444444 0.4333333 0.4333333 0.4111111 0.4111111 0.4222222 0.4555556
 [1] 0.15214515 0.08784105 0.13263707 0.08425417 0.06334308 0.07453560 0.07243558 0.07243558 0.09128709 0.11520245
 [1] 0.4444444 0.5000000 0.5444444 0.5333333 0.5222222 0.5222222 0.5111111 0.5111111 0.4888889 0.4666667
 [1] 0.11785113 0.08425417 0.09938080 0.10829771 0.09938080 0.15416041 0.12044157 0.09128709 0.16942167 0.09128709
 [1] 0.4444444 0.4666667 0.4555556 0.4222222 0.4333333 0.4000000 0.4333333 0.4333333 0.4111111 0.4555556
 [1] 0.08425417 0.08425417 0.07243558 0.07243558 0.05555556 0.05555556 0.06804138 0.05555556 0.04648111 0.04648111
 [1] 0.4222222 0.4222222 0.4333333 0.4333333 0.4444444 0.4444444 0.4444444 0.4444444 0.4333333 0.4333333
 [1] 0.09938080 0.09938080 0.08425417 0.08240221 0.09296223 0.08240221 0.03928371 0.06085806 0.08784105 0.09622504
 [1] 0.4555556 0.4555556 0.4777778 0.4888889 0.5333333 0.4888889 0.5000000 0.5111111 0.5000000 0.4444444
 [1] 0.15515822 0.06804138 0.06334308 0.06085806 0.07453560 0.04969040 0.07243558 0.06085806 0.06334308 0.07243558
 [1] 0.5777778 0.5000000 0.5222222 0.5111111 0.5333333 0.5222222 0.5111111 0.5444444 0.5222222 0.5444444
 [1] 0.1712337 0.1712337 0.1712337 0.1590869 0.1590869 0.1590869 0.1590869 0.1501028 0.1638653 0.1501028
 [1] 0.3888889 0.3888889 0.3888889 0.4000000 0.4000000 0.4000000 0.4000000 0.4111111 0.4000000 0.4111111
 [1] 0.08240221 0.08240221 0.11520245 0.10686324 0.10393493 0.10686324 0.12422600 0.11520245 0.07453560 0.07243558
 [1] 0.4555556 0.4555556 0.4222222 0.4333333 0.4444444 0.4333333 0.4444444 0.4222222 0.4111111 0.4333333
 [1] 0.05555556 0.08240221 0.04969040 0.06085806 0.10393493 0.04969040 0.04969040 0.03042903 0.08425417 0.06334308
 [1] 0.4444444 0.4888889 0.4666667 0.4333333 0.5000000 0.4666667 0.4666667 0.4666667 0.4111111 0.4777778
 [1] 0.09296223 0.09938080 0.08240221 0.10829771 0.20563062 0.07453560 0.09938080 0.12668616 0.14380199 0.16942167
 [1] 0.4666667 0.5111111 0.5111111 0.5333333 0.4888889 0.5333333 0.5111111 0.5111111 0.4888889 0.5222222
 [1] 0.08784105 0.08784105 0.08784105 0.07243558 0.08784105 0.05555556 0.04969040 0.06334308 0.07243558 0.08240221
 [1] 0.4444444 0.4444444 0.5000000 0.4555556 0.5000000 0.5000000 0.4777778 0.4666667 0.4888889 0.5111111
 [1] 0.10686324 0.03928371 0.06334308 0.08784105 0.08425417 0.08425417 0.09128709 0.07243558 0.09296223 0.07243558
 [1] 0.5444444 0.5555556 0.5333333 0.5000000 0.5777778 0.5222222 0.5444444 0.5111111 0.5333333 0.5444444
 [1] 0.10686324 0.06334308 0.06334308 0.08784105 0.04648111 0.06085806 0.06334308 0.10686324 0.07453560 0.08425417
 [1] 0.4333333 0.4777778 0.4777778 0.4444444 0.4888889 0.4888889 0.4777778 0.4333333 0.4777778 0.4666667
 [1] 0.1501028 0.1501028 0.1337955 0.1501028 0.1685083 0.1448712 0.1501028 0.1337955 0.1685083 0.1337955
 [1] 0.4111111 0.4111111 0.4222222 0.4111111 0.4000000 0.4222222 0.4111111 0.4222222 0.4000000 0.4222222
 [1] 0.08425417 0.13028933 0.11111111 0.16197089 0.13944334 0.06334308 0.08425417 0.10829771 0.09128709 0.08240221
 [1] 0.4666667 0.5000000 0.4444444 0.4444444 0.5333333 0.5222222 0.5333333 0.5333333 0.5111111 0.5111111
 [1] 0.1694217 0.1541604 0.1867526 0.1541604 0.1867526 0.1867526 0.1900292 0.1867526 0.1867526 0.1867526
 [1] 0.4222222 0.4333333 0.4111111 0.4333333 0.4111111 0.4111111 0.4333333 0.4222222 0.4222222 0.4111111
 [1] 8 6 3 2 2 2 2 2 6 2
> 










