Mediciones

Batch

sd
mean
	10^(-8)  3*10^(-8) 6* 10^(-8)  9*10^(-8) 10^(-7) 
[1] 295.7561 266.1131 252.1729 244.5891 241.8173           
   437.5776 418.1109 406.7616 395.4155 391.5556  
   0.6758940  0.6364654  0.6199527  0.6185621  0.6175809 
[2] 238.8118 207.8994 195.5582 181.6679 178.4483			
  470.4361 443.7976 415.6782 384.2710 378.2393
 0.5076391  0.4684554  0.4704558  0.4727600  0.4717868 
[3] 120.30845  99.31965  90.43149  81.23475  77.60629
  400.7678 378.5444 365.4976 351.1120 346.7009 
 0.3001949  0.2623725  0.2474202  0.2313642  0.2238422 
[4] 244.0942 231.0687 202.6977 174.7641 168.9445
   436.0048 402.5434 362.2093 335.8001 331.2725
 0.5598430  0.5740219  0.5596149  0.5204410  0.5099864 
[5] 129.4408 121.9765 111.4136 104.1524 103.3870
   397.9948 375.4253 358.8783 340.2798 336.4417
 0.3252323  0.3249021  0.3104495  0.3060788  0.3072955 
[6] 232.2057 216.3279 203.1673 181.1347 177.0121
    435.6590 410.8445 390.0793 357.5743 351.3339
 0.5329988  0.5265446  0.5208359  0.5065652  0.5038288 
[7] 120.30551 115.32126 108.49339  98.87203  95.99017
   384.8491 363.5355 354.1839 339.2606 333.6842
 0.3126044  0.3172215  0.3063194  0.2914339  0.2876677 
[8] 140.4538 147.3219 150.7932 157.3237 159.0325
   352.4354 334.8406 328.7381 324.8813 323.9801
 0.3985236  0.4399763  0.4587030  0.4842498  0.4908712 
[9] 224.6290 207.7050 193.7592 170.9363 165.3330
    387.9380 356.8849 329.9675 308.2618 304.3542
 0.5790332  0.5819944  0.5872069  0.5545167  0.5432256 
[10] 128.6390 121.3934 117.9750 111.9732 108.6603
   383.5831 366.4141 358.3371 347.1585 342.9688
 0.3353616  0.3313010  0.3292291  0.3225420  0.3168228 
[11] 233.8740 207.8315 195.1770 169.3838 161.4577
   409.7855 388.8852 376.2752 355.7217 350.3284 
 0.5707228  0.5344290  0.5187081  0.4761694  0.4608753 
[12] 143.48314 124.36224 109.44816  96.51244  93.38137
    441.6660 404.0950 364.9550 332.5580 326.3813
 0.3248680  0.3077549  0.2998950  0.2902124  0.2861113 
[13] 238.2898 213.1507 203.5369 191.6222 187.8062
    414.4988 388.7965 371.5022 349.3573 344.4134
 0.5748866  0.5482320  0.5478754  0.5484990  0.5452930 
[14] 138.7313 134.7883 133.2077 134.2294 133.9959
    412.9135 385.6925 366.3270 341.5305 334.9674
 0.3359814  0.3494708  0.3636305  0.3930232  0.4000266 
[15] 155.7382 145.4776 142.8397 141.8512 140.9614
    396.0949 381.2376 376.7066 373.8447 373.4534
 0.3931840  0.3815931  0.3791802  0.3794389  0.3774538 
[16] 141.06819 122.03564 108.32305  88.21610  84.98918
   433.2652 406.0102 378.3119 340.0893 333.3351
 0.3255932  0.3005728  0.2863326  0.2593910  0.2549662 
[17] 129.4315 123.2938 123.7201 126.2004 125.5763
    392.5070 370.8377 357.5201 338.9041 333.8487 
 0.3297560  0.3324738  0.3460508  0.3723778  0.3761473 
[18] 542.6994 495.4872 473.3384 440.1235 423.5431
    467.4921 443.3701 430.4507 415.8152 408.7622
  1.160874   1.117548   1.099634   1.058459   1.036160 
[19] 140.3261 137.8888 129.4190 114.8841 111.1731
    437.8322 412.4633 396.7243 377.3175 372.4574
 0.3205020  0.3343055  0.3262191  0.3044758  0.2984854 
[20] 274.6357 239.3890 220.6225 190.9372 183.2710
    402.1946 372.0188 347.4189 321.5445 317.1162
 0.6828429  0.6434863  0.6350332  0.5938127  0.5779302 


Stocha
	2*10^(-6) 4*10^(-6) 6*10^(-6) 8*10^(-6)   10^(-5)
[1] 197.5934 181.9848 173.6171 155.3910 152.8221
[1] 400.2554 409.1751 435.8546 470.1355 533.4363
0.4936682 0.4447601 0.3983371 0.3305240 0.2864862 
[2] 129.4175 134.5094 148.1454 156.9182 159.1498
[2] 416.1734 407.1665 405.6771 418.9621 447.4364
0.3109701 0.3303548 0.3651805 0.3745403 0.3556925 
[3] 44.75974 26.54982 35.02080 45.34047 71.56078
[3] 341.3107 332.4096 337.4961 359.7012 408.3957
0.13114077 0.07987082 0.10376653 0.12605037 0.17522414 
[4] 186.2327 195.5573 254.5776 325.6238 380.9748
[4] 375.6322 397.7037 431.0702 463.5188 491.2562
0.4957846 0.4917160 0.5905711 0.7025041 0.7755114 
[5] 103.2571 140.0628 198.8932 256.0380 312.5705
[5] 355.4229 385.8774 423.8126 465.9811 517.1350
0.2905191 0.3629722 0.4692950 0.5494601 0.6044274 
[6] 193.5492 212.1475 259.0815 333.8697 447.3057
[6] 381.7674 380.6820 392.5781 439.2620 511.7890
0.5069819 0.5572829 0.6599489 0.7600696 0.8740043 
[7]  84.83979 103.68106 110.03618  89.04471  70.62083
[7] 332.0687 334.9836 334.5578 325.2381 312.2162
0.2554886 0.3095109 0.3289004 0.2737831 0.2261921 
[8] 119.4621 111.6959 112.0100 117.6011 125.7493
[8] 315.4904 316.6425 321.4649 326.2325 329.9521
0.3786553 0.3527507 0.3484361 0.3604825 0.3811139 
[9] 173.5315 142.5017 124.8517 112.4941 106.1846
[9] 320.0136 323.7994 339.5665 361.4560 392.3203
0.5422629 0.4400925 0.3676798 0.3112249 0.2706579 
[10] 94.80664 68.11977 46.96855 41.81636 57.79964
[10] 345.3093 367.5239 414.1601 465.9114 512.0706
0.27455571 0.18534788 0.11340675 0.08975175 0.11287437 
[11] 161.0070 143.9667 144.2426 166.4547 206.8831
[11] 342.7581 350.4160 397.9162 460.2800 522.2173
0.4697395 0.4108451 0.3624950 0.3616380 0.3961628 
[12] 104.33645  68.01861  53.79187 110.12067 178.04409
[12] 349.0292 369.7757 422.1952 484.4695 537.7908
0.2989333 0.1839456 0.1274099 0.2273016 0.3310657 
[13] 198.9555 173.8191 140.8075 134.0341 157.0416
[13] 368.6653 378.5075 383.1473 387.3310 427.5143
0.5396642 0.4592223 0.3675022 0.3460454 0.3673365 
[14] 132.0314 133.8625 128.2423 125.3162 133.5834
[14] 342.6982 330.0927 333.5827 345.8033 381.7118
0.3852703 0.4055300 0.3844393 0.3623916 0.3499589 
[15] 111.3743 106.1775 138.3827 174.0570 205.7986
[15] 378.2667 406.3980 431.0563 446.4748 461.7601 
0.2944333 0.2612649 0.3210317 0.3898474 0.4456829 
[16] 71.81852 49.93085 53.44365 72.69111 97.04491
[16] 362.5320 352.2033 367.6083 395.6331 430.2953
0.1981026 0.1417671 0.1453821 0.1837336 0.2255310 
[17] 136.9445 159.6549 180.1836 224.5602 326.6137
[17] 347.2807 364.5062 392.8699 432.4357 500.1173
0.3943338 0.4380033 0.4586342 0.5192916 0.6530742 
[18] 397.7311 343.3684 306.6880 284.3003 291.3827
[18] 417.2217 441.5844 476.7717 514.0785 559.3654 
0.9532847 0.7775829 0.6432596 0.5530289 0.5209166 
[19] 119.3846 122.5753 137.3173 172.7787 235.3701
[19] 374.6348 378.7658 395.0839 423.1023 467.0855
0.3186691 0.3236176 0.3475650 0.4083616 0.5039124 
[20] 175.0879 121.1207 100.0720 128.4972 191.6203
[20] 326.2198 321.3899 343.8229 377.6623 417.4401
0.5367175 0.3768653 0.2910567 0.3402436 0.4590366 

Acent
	10^(-3) 4*10^(-3) 6*10^(-3) 8*10^(-3)   10^(-4)
[1]  6.193131  7.707236  9.412870 11.295083  6.087941
[1] 25.63330 25.78427 26.24376 27.16642 25.63056 
0.2416049 0.2989123 0.3586708 0.4157737 0.2375267 
[2] 12.75121 12.73795 12.87951 13.12880 12.75815
[2] 19.95985 20.08016 20.56709 21.80575 19.95975
0.6388430 0.6343549 0.6262194 0.6020797 0.6391938 
[3] 8.604330 8.598256 8.217061 7.094669 8.596740
[3] 23.00264 23.58867 24.72303 26.67165 22.97382 
0.3740584 0.3645079 0.3323646 0.2660004 0.3741973 
[4] 16.17279 17.45146 19.23334 21.64335 16.09186
[4] 23.80971 23.83910 24.25315 25.53310 23.81592 
0.6792516 0.7320521 0.7930247 0.8476585 0.6756763 
[5] 15.85527 16.18309 16.40202 16.30878 15.82942
[5] 29.47524 29.32421 29.62434 31.03686 29.49597
0.5379183 0.5518678 0.5536672 0.5254648 0.5366640 
[6] 35.84337 36.04067 36.16256 36.21533 35.82484
[6] 32.94637 32.58677 32.22610 31.86136 32.97477
 1.087931  1.105991  1.122151  1.136654  1.086432 
[7] 10.64607 10.11601  9.75183 10.11989 10.68749
[7] 22.99543 22.44788 22.18805 22.66101 23.04195
0.4629645 0.4506443 0.4395082 0.4465774 0.4638277 
[8] 7.878486 7.989432 8.181564 8.625438 7.872403
[8] 25.52900 25.62031 25.97198 26.70858 25.52997
0.3086093 0.3118397 0.3150150 0.3229463 0.3083593 
[9] 9.310374 9.284545 9.323239 9.429861 9.314463
[9] 20.39961 20.21586 20.17364 20.50697 20.41651
0.4563997 0.4592704 0.4621495 0.4598370 0.4562222 
[10] 11.18222 11.93755 13.37901 16.14242 11.14199
[10] 28.54052 28.54425 28.97105 30.49721 28.54792
0.3918015 0.4182119 0.4618062 0.5293081 0.3902907 
[11] 13.446342 12.865563 11.552526  9.416155 13.468469
[11] 29.04997 28.55911 28.32965 28.83193 29.09251
0.4628694 0.4504890 0.4077893 0.3265878 0.4629532 
[12]  9.114187  9.679373 10.479482 11.631089  9.078110
[12] 28.01002 27.12754 26.08138 25.09179 28.06890 
0.3253902 0.3568098 0.4017994 0.4635416 0.3234224 
[13] 15.29943 15.38883 15.53056 15.77806 15.29394
[13] 29.98362 29.74360 30.04331 31.60392 30.01274
0.5102597 0.5173829 0.5169392 0.4992437 0.5095817 
[14] 27.22959 27.73451 28.30575 28.97397 27.19359
[14] 29.76809 29.49149 29.12980 28.76769 29.78571
0.9147242 0.9404241 0.9717112 1.0071706 0.9129744 
[15] 8.666317 8.128052 7.823543 8.240185 8.709244
[15] 30.19176 29.92847 29.94139 30.63101 30.21772
0.2870424 0.2715826 0.2612952 0.2690145 0.2882165 
[16] 13.95771 13.66273 13.22853 12.64204 13.97542
[16] 24.13659 24.22559 24.31909 24.47930 24.12950
0.5782800 0.5639794 0.5439568 0.5164379 0.5791842 
[17] 5.517673 5.223181 4.791407 4.160112 5.537262
[17] 21.77695 21.62508 21.63649 22.14442 21.79247
0.2533721 0.2415335 0.2214503 0.1878628 0.2540906 
[18] 8.552488 7.252723 5.390614 3.221511 8.633665
[18] 27.50477 27.49701 27.74850 28.76696 27.50997
0.3109456 0.2637640 0.1942668 0.1119865 0.3138377 
[19] 15.20699 16.81816 19.23052 22.85874 15.10837
[19] 33.96617 35.29487 37.62047 41.78655 33.89312
0.4477100 0.4765043 0.5111718 0.5470359 0.4457651 
[20] 18.27265 18.13529 17.98073 17.74012 18.28323
[20] 31.31986 31.27826 31.52767 32.53339 31.32921
0.5834206 0.5798051 0.5703159 0.5452897 0.5835841 

Newton

[1] 3401.411 
[1] 17570.18 
[1] 0.1935899 
[2] 4925.775 
[2] 17806.44
[2] 0.2766289
[3] 3348.602
[3] 16732.87 
[3] 0.2001212 
[4] 3293.49 
[4] 17669.86 
[4] 0.1863902 
[5] 2340.805 
[5] 16807.17 
[5] 0.1392742
[6] 2835.207 
[6] 17734.35 
[6] 0.159871 
[7] 2121.916 
[7] 16391.33 
[7] 0.1294536 
[8] 2823.639 
[8] 16825.22 
[8] 0.1678218 
[9] 3562.022 
[9] 17552.51 
[9] 0.2029352 
[10] 817.9613 
[10] 16833.85 
[10] 0.04859028 
[11] 3134.343 
[11] 16715.85 
[11] 0.1875073 
[12] 3595.294 
[12] 17796.69 
[12] 0.2020204 
[13] 4627.954 
[13] 17512.2 
[13] 0.2642703 
[14] 3071.448 
[14] 17538.41 
[14] 0.1751269 
[15] 2524.951
[15] 16474.63 
[15] 0.1532629
[16] 3548.854 
[16] 17576.89 
[16] 0.2019045 
[17] 1629.3 
[17] 16817.95 
[17] 0.09687867 
[18] 9266.869 
[18] 17616.85 
[18] 0.5260229
[19] 2213.753 
[19] 17636.8 
[19] 0.1255189 
[20] 3940.989 
[20] 18055.46 
[20] 0.2182714 

