Mediciones

Batch

sd
mean
	10^(-8)  3*10^(-8) 6* 10^(-8)  9*10^(-8) 10^(-7) 
[1] 295.7561 266.1131 252.1729 244.5891 241.8173           
   437.5776 418.1109 406.7616 395.4155 391.5556  
   0.6758940  0.6364654  0.6199527  0.6185621  0.6175809 5
[2] 238.8118 207.8994 195.5582 181.6679 178.4483			
  470.4361 443.7976 415.6782 384.2710 378.2393
 0.5076391  0.4684554  0.4704558  0.4727600  0.4717868 2
[3] 120.30845  99.31965  90.43149  81.23475  77.60629
  400.7678 378.5444 365.4976 351.1120 346.7009 
 0.3001949  0.2623725  0.2474202  0.2313642  0.2238422 5
[4] 244.0942 231.0687 202.6977 174.7641 168.9445
   436.0048 402.5434 362.2093 335.8001 331.2725
 0.5598430  0.5740219  0.5596149  0.5204410  0.5099864 5
[5] 129.4408 121.9765 111.4136 104.1524 103.3870
   397.9948 375.4253 358.8783 340.2798 336.4417
 0.3252323  0.3249021  0.3104495  0.3060788  0.3072955 4
[6] 232.2057 216.3279 203.1673 181.1347 177.0121
    435.6590 410.8445 390.0793 357.5743 351.3339
 0.5329988  0.5265446  0.5208359  0.5065652  0.5038288 5
[7] 120.30551 115.32126 108.49339  98.87203  95.99017
   384.8491 363.5355 354.1839 339.2606 333.6842
 0.3126044  0.3172215  0.3063194  0.2914339  0.2876677 5
[8] 140.4538 147.3219 150.7932 157.3237 159.0325
   352.4354 334.8406 328.7381 324.8813 323.9801
 0.3985236  0.4399763  0.4587030  0.4842498  0.4908712 1
[9] 224.6290 207.7050 193.7592 170.9363 165.3330
    387.9380 356.8849 329.9675 308.2618 304.3542
 0.5790332  0.5819944  0.5872069  0.5545167  0.5432256 5
[10] 128.6390 121.3934 117.9750 111.9732 108.6603
   383.5831 366.4141 358.3371 347.1585 342.9688
 0.3353616  0.3313010  0.3292291  0.3225420  0.3168228 5
[11] 233.8740 207.8315 195.1770 169.3838 161.4577
   409.7855 388.8852 376.2752 355.7217 350.3284 
 0.5707228  0.5344290  0.5187081  0.4761694  0.4608753 5
[12] 143.48314 124.36224 109.44816  96.51244  93.38137
    441.6660 404.0950 364.9550 332.5580 326.3813
 0.3248680  0.3077549  0.2998950  0.2902124  0.2861113 5
[13] 238.2898 213.1507 203.5369 191.6222 187.8062
    414.4988 388.7965 371.5022 349.3573 344.4134
 0.5748866  0.5482320  0.5478754  0.5484990  0.5452930 5
[14] 138.7313 134.7883 133.2077 134.2294 133.9959
    412.9135 385.6925 366.3270 341.5305 334.9674
 0.3359814  0.3494708  0.3636305  0.3930232  0.4000266 1
[15] 155.7382 145.4776 142.8397 141.8512 140.9614
    396.0949 381.2376 376.7066 373.8447 373.4534
 0.3931840  0.3815931  0.3791802  0.3794389  0.3774538 5
[16] 141.06819 122.03564 108.32305  88.21610  84.98918
   433.2652 406.0102 378.3119 340.0893 333.3351
 0.3255932  0.3005728  0.2863326  0.2593910  0.2549662 5
[17] 129.4315 123.2938 123.7201 126.2004 125.5763
    392.5070 370.8377 357.5201 338.9041 333.8487 
 0.3297560  0.3324738  0.3460508  0.3723778  0.3761473 1
[18] 542.6994 495.4872 473.3384 440.1235 423.5431
    467.4921 443.3701 430.4507 415.8152 408.7622
  1.160874   1.117548   1.099634   1.058459   1.036160 5
[19] 140.3261 137.8888 129.4190 114.8841 111.1731
    437.8322 412.4633 396.7243 377.3175 372.4574
 0.3205020  0.3343055  0.3262191  0.3044758  0.2984854 5
[20] 274.6357 239.3890 220.6225 190.9372 183.2710
    402.1946 372.0188 347.4189 321.5445 317.1162
 0.6828429  0.6434863  0.6350332  0.5938127  0.5779302 5


Stocha
	2*10^(-6) 4*10^(-6) 6*10^(-6) 8*10^(-6)   10^(-5)
[1] 197.5934 181.9848 173.6171 155.3910 152.8221
[1] 400.2554 409.1751 435.8546 470.1355 533.4363
0.4936682 0.4447601 0.3983371 0.3305240 0.2864862 5
[2] 129.4175 134.5094 148.1454 156.9182 159.1498
[2] 416.1734 407.1665 405.6771 418.9621 447.4364
0.3109701 0.3303548 0.3651805 0.3745403 0.3556925 1
[3] 44.75974 26.54982 35.02080 45.34047 71.56078
[3] 341.3107 332.4096 337.4961 359.7012 408.3957
0.13114077 0.07987082 0.10376653 0.12605037 0.17522414 2
[4] 186.2327 195.5573 254.5776 325.6238 380.9748
[4] 375.6322 397.7037 431.0702 463.5188 491.2562
0.4957846 0.4917160 0.5905711 0.7025041 0.7755114 2
[5] 103.2571 140.0628 198.8932 256.0380 312.5705
[5] 355.4229 385.8774 423.8126 465.9811 517.1350
0.2905191 0.3629722 0.4692950 0.5494601 0.6044274 1
[6] 193.5492 212.1475 259.0815 333.8697 447.3057
[6] 381.7674 380.6820 392.5781 439.2620 511.7890
0.5069819 0.5572829 0.6599489 0.7600696 0.8740043 1
[7]  84.83979 103.68106 110.03618  89.04471  70.62083
[7] 332.0687 334.9836 334.5578 325.2381 312.2162
0.2554886 0.3095109 0.3289004 0.2737831 0.2261921 5
[8] 119.4621 111.6959 112.0100 117.6011 125.7493
[8] 315.4904 316.6425 321.4649 326.2325 329.9521
0.3786553 0.3527507 0.3484361 0.3604825 0.3811139 3
[9] 173.5315 142.5017 124.8517 112.4941 106.1846
[9] 320.0136 323.7994 339.5665 361.4560 392.3203
0.5422629 0.4400925 0.3676798 0.3112249 0.2706579 5
[10] 94.80664 68.11977 46.96855 41.81636 57.79964
[10] 345.3093 367.5239 414.1601 465.9114 512.0706
0.27455571 0.18534788 0.11340675 0.08975175 0.11287437 4
[11] 161.0070 143.9667 144.2426 166.4547 206.8831
[11] 342.7581 350.4160 397.9162 460.2800 522.2173
0.4697395 0.4108451 0.3624950 0.3616380 0.3961628 4
[12] 104.33645  68.01861  53.79187 110.12067 178.04409
[12] 349.0292 369.7757 422.1952 484.4695 537.7908
0.2989333 0.1839456 0.1274099 0.2273016 0.3310657 3
[13] 198.9555 173.8191 140.8075 134.0341 157.0416
[13] 368.6653 378.5075 383.1473 387.3310 427.5143
0.5396642 0.4592223 0.3675022 0.3460454 0.3673365 4
[14] 132.0314 133.8625 128.2423 125.3162 133.5834
[14] 342.6982 330.0927 333.5827 345.8033 381.7118
0.3852703 0.4055300 0.3844393 0.3623916 0.3499589 5
[15] 111.3743 106.1775 138.3827 174.0570 205.7986
[15] 378.2667 406.3980 431.0563 446.4748 461.7601 
0.2944333 0.2612649 0.3210317 0.3898474 0.4456829 2
[16] 71.81852 49.93085 53.44365 72.69111 97.04491
[16] 362.5320 352.2033 367.6083 395.6331 430.2953
0.1981026 0.1417671 0.1453821 0.1837336 0.2255310 2
[17] 136.9445 159.6549 180.1836 224.5602 326.6137
[17] 347.2807 364.5062 392.8699 432.4357 500.1173
0.3943338 0.4380033 0.4586342 0.5192916 0.6530742 1
[18] 397.7311 343.3684 306.6880 284.3003 291.3827
[18] 417.2217 441.5844 476.7717 514.0785 559.3654 
0.9532847 0.7775829 0.6432596 0.5530289 0.5209166 5
[19] 119.3846 122.5753 137.3173 172.7787 235.3701
[19] 374.6348 378.7658 395.0839 423.1023 467.0855
0.3186691 0.3236176 0.3475650 0.4083616 0.5039124 1
[20] 175.0879 121.1207 100.0720 128.4972 191.6203
[20] 326.2198 321.3899 343.8229 377.6623 417.4401
0.5367175 0.3768653 0.2910567 0.3402436 0.4590366 3

Acent
	10^(-3) 4*10^(-3) 6*10^(-3) 8*10^(-3)   10^(-4)
[1]  6.193131  7.707236  9.412870 11.295083  6.087941
[1] 25.63330 25.78427 26.24376 27.16642 25.63056 
0.2416049 0.2989123 0.3586708 0.4157737 0.2375267 5
[2] 12.75121 12.73795 12.87951 13.12880 12.75815
[2] 19.95985 20.08016 20.56709 21.80575 19.95975
0.6388430 0.6343549 0.6262194 0.6020797 0.6391938 4
[3] 8.604330 8.598256 8.217061 7.094669 8.596740
[3] 23.00264 23.58867 24.72303 26.67165 22.97382 
0.3740584 0.3645079 0.3323646 0.2660004 0.3741973 4
[4] 16.17279 17.45146 19.23334 21.64335 16.09186
[4] 23.80971 23.83910 24.25315 25.53310 23.81592 
0.6792516 0.7320521 0.7930247 0.8476585 0.6756763 5
[5] 15.85527 16.18309 16.40202 16.30878 15.82942
[5] 29.47524 29.32421 29.62434 31.03686 29.49597
0.5379183 0.5518678 0.5536672 0.5254648 0.5366640 4
[6] 35.84337 36.04067 36.16256 36.21533 35.82484
[6] 32.94637 32.58677 32.22610 31.86136 32.97477
 1.087931  1.105991  1.122151  1.136654  1.086432 5
[7] 10.64607 10.11601  9.75183 10.11989 10.68749
[7] 22.99543 22.44788 22.18805 22.66101 23.04195
0.4629645 0.4506443 0.4395082 0.4465774 0.4638277 3
[8] 7.878486 7.989432 8.181564 8.625438 7.872403
[8] 25.52900 25.62031 25.97198 26.70858 25.52997
0.3086093 0.3118397 0.3150150 0.3229463 0.3083593 4
[9] 9.310374 9.284545 9.323239 9.429861 9.314463
[9] 20.39961 20.21586 20.17364 20.50697 20.41651
0.4563997 0.4592704 0.4621495 0.4598370 0.4562222 5
[10] 11.18222 11.93755 13.37901 16.14242 11.14199
[10] 28.54052 28.54425 28.97105 30.49721 28.54792
0.3918015 0.4182119 0.4618062 0.5293081 0.3902907 5
[11] 13.446342 12.865563 11.552526  9.416155 13.468469
[11] 29.04997 28.55911 28.32965 28.83193 29.09251
0.4628694 0.4504890 0.4077893 0.3265878 0.4629532 4
[12]  9.114187  9.679373 10.479482 11.631089  9.078110
[12] 28.01002 27.12754 26.08138 25.09179 28.06890 
0.3253902 0.3568098 0.4017994 0.4635416 0.3234224 5
[13] 15.29943 15.38883 15.53056 15.77806 15.29394
[13] 29.98362 29.74360 30.04331 31.60392 30.01274
0.5102597 0.5173829 0.5169392 0.4992437 0.5095817 4
[14] 27.22959 27.73451 28.30575 28.97397 27.19359
[14] 29.76809 29.49149 29.12980 28.76769 29.78571
0.9147242 0.9404241 0.9717112 1.0071706 0.9129744 5
[15] 8.666317 8.128052 7.823543 8.240185 8.709244
[15] 30.19176 29.92847 29.94139 30.63101 30.21772
0.2870424 0.2715826 0.2612952 0.2690145 0.2882165 3
[16] 13.95771 13.66273 13.22853 12.64204 13.97542
[16] 24.13659 24.22559 24.31909 24.47930 24.12950
0.5782800 0.5639794 0.5439568 0.5164379 0.5791842 4
[17] 5.517673 5.223181 4.791407 4.160112 5.537262
[17] 21.77695 21.62508 21.63649 22.14442 21.79247
0.2533721 0.2415335 0.2214503 0.1878628 0.2540906 4
[18] 8.552488 7.252723 5.390614 3.221511 8.633665
[18] 27.50477 27.49701 27.74850 28.76696 27.50997
0.3109456 0.2637640 0.1942668 0.1119865 0.3138377 4
[19] 15.20699 16.81816 19.23052 22.85874 15.10837
[19] 33.96617 35.29487 37.62047 41.78655 33.89312
0.4477100 0.4765043 0.5111718 0.5470359 0.4457651 5
[20] 18.27265 18.13529 17.98073 17.74012 18.28323
[20] 31.31986 31.27826 31.52767 32.53339 31.32921
0.5834206 0.5798051 0.5703159 0.5452897 0.5835841 4

Newton

[1] 6.086877
[1] 25.63053
[1] 0.2374854
[2] 12.75822
[2] 19.95975
[2] 0.6391974
[3] 8.596659
[3] 22.97354
[3] 0.3741984
[4] 16.09104
[4] 23.81599
[4] 0.6756402
[5] 15.82916
[5] 29.49619
[5] 0.5366511
[6] 35.82465
[6] 32.97507
[6] 1.086416
[7] 10.68792
[7] 23.04243
[7] 0.4638364
[8] 7.872343
[8] 25.52998
[8] 0.3083568
[9] 9.314506
[9] 20.41668
[9] 0.4562204
[10] 11.14159
[10] 28.548
[10] 0.3902756
[11] 13.46868
[11] 29.09294
[11] 0.4629535
[12] 9.077746
[12] 28.06949
[12] 0.3234026
[13] 15.29389
[13] 30.01304
[13] 0.5095747
[14] 27.19322
[14] 29.78588
[14] 0.9129567
[15] 8.709682
[15] 30.21799
[15] 0.2882284
[16] 13.9756
[16] 24.12943
[16] 0.5791933
[17] 5.53746
[17] 21.79263
[17] 0.2540978
[18] 8.634482
[18] 27.51002
[18] 0.3138667
[19] 15.10738
[19] 33.89239
[19] 0.4457455
[20] 18.28334
[20] 31.32931
[20] 0.5835857


Standar (0,1)

Newton

[1] 136.9069
[1] 105.4349
[1] 1.298497
[1] 27.1565
[1] 84.77913
[1] 0.3203206
[1] 236.4179
[1] 213.0469
[1] 1.109699
[1] 302.9245
[1] 246.4351
[1] 1.229226
[1] 211.2603
[1] 177.0617
[1] 1.193145
[1] 192.2201
[1] 176.4783
[1] 1.089199
[1] 71.27733
[1] 84.51179
[1] 0.843401
[1] 45.36469
[1] 79.44047
[1] 0.5710527
[1] NA
[1] NaN
[1] NA
[1] 90.19171
[1] 155.2347
[1] 0.5810022
[1] 178.9118
[1] 146.4109
[1] 1.221984
[1] 81.16833
[1] 98.58071
[1] 0.8233693
[1] 117.9994
[1] 141.1545
[1] 0.8359596
[1] 41.913
[1] 89.04214
[1] 0.4707098
[1] 69.94683
[1] 118.523
[1] 0.5901543
[1] 27.23304
[1] 64.23399
[1] 0.4239662
[1] 48.26618
[1] 79.51408
[1] 0.6070144
[1] 163.0613
[1] 154.2492
[1] 1.057129
[1] NA
[1] NaN
[1] NA
[1] NA
[1] NaN
[1] NA


Stocha
   10^(-6)  2*10^(-6) 3* 10^(-6)  4*10^(-6)  5*10^(-6) 
[1] 401.9566 403.9163 405.8895 407.8765 409.8777
[1]  988.9742 1000.4566 1012.0034 1023.6139 1035.2878
 0.4064379  0.4037319  0.4010752  0.3984672  0.3959070 
[2] 341.3460 341.2671 341.1811 341.0885 340.9896
[2] 1005.916 1017.698 1029.542 1041.449 1053.418
 0.3393385  0.3353325  0.3313911  0.3275133  0.3236982 
[3] 290.2530 291.9097 293.5713 295.2377 296.9090
[3] 908.5955 916.4179 924.2658 932.1388 940.0367
 0.3194524  0.3185334  0.3176265  0.3167315  0.3158483 
[4] 203.9051 202.5639 201.2030 199.8229 198.4242
[4] 845.9962 857.1113 868.3020 879.5678 890.9079
 0.2410237  0.2363333  0.2317201  0.2271830  0.2227213 
[5] 127.2678 128.0075 128.7472 129.4868 130.2262
[5] 919.4534 927.3988 935.3674 943.3590 951.3733
 0.1384168  0.1380285  0.1376434  0.1372614  0.1368824 
[6] 179.0170 179.5405 180.0951 180.6815 181.3003
[6] 862.4372 873.0959 883.8182 894.6037 905.4518
 0.2075710  0.2056367  0.2037694  0.2019682  0.2002319 
[7] 111.3397 112.4117 113.4846 114.5582 115.6325
[7] 902.5348 910.5569 918.6056 926.6807 934.7818
 0.1233633  0.1234538  0.1235400  0.1236221  0.1237000 
[8] 240.5605 242.8558 245.1940 247.5750 249.9986
[8] 951.3223 963.0726 974.8911 986.7775 998.7310
 0.2528696  0.2521677  0.2515091  0.2508925  0.2503163 
[9] 266.7700 267.0760 267.4018 267.7483 268.1163
[9] 1002.020 1014.003 1026.054 1038.172 1050.357 
 0.2662321  0.2633878  0.2606119  0.2579036  0.2552620 
[10] 173.9656 174.4951 175.0527 175.6393 176.2556
[10] 762.5711 772.4079 782.3134 792.2871 802.3283 
 0.2281303  0.2259105  0.2237629  0.2216864  0.2196802 
[11] 254.1100 255.0180 255.9219 256.8215 257.7171
[11] 779.4217 785.9585 792.5168 799.0964 805.6970
 0.3260238  0.3244676  0.3229230  0.3213900  0.3198685 
[12] 312.3423 312.2674 312.1913 312.1147 312.0381
[12] 1030.287 1042.238 1054.255 1066.338 1078.487 
 0.3031604  0.2996124  0.2961250  0.2926976  0.2893295 
[13] 448.0452 448.8133 449.5735 450.3264 451.0722
[13] 1029.761 1041.372 1053.046 1064.781 1076.578
 0.4350964  0.4309826  0.4269268  0.4229285  0.4189869 
[14] 230.4840 232.5967 234.7373 236.9058 239.1022
[14] 831.2867 841.9164 852.6124 863.3739 874.2005
 0.2772618  0.2762705  0.2753154  0.2743954  0.2735095 
[15] 167.3940 167.2106 167.0602 166.9442 166.8642
[15] 918.5466 930.2135 941.9514 953.7597 965.6379
 0.1822379  0.1797551  0.1773554  0.1750380  0.1728020 
[16] 211.4615 210.6929 209.9125 209.1209 208.3187
[16] 791.1075 801.2060 811.3723 821.6059 831.9061
 0.2672981  0.2629697  0.2587129  0.2545270  0.2504114 
[17] 213.6278 214.3145 214.9985 215.6796 216.3579
[17] 937.1834 944.7511 952.3405 959.9513 967.5835
 0.2279466  0.2268476  0.2257580  0.2246776  0.2236065 
[18] 565.1117 567.1552 569.1787 571.1824 573.1664
[18]  994.3109 1006.3224 1018.4070 1030.5640 1042.7929
 0.5683451  0.5635919  0.5588912  0.5542425  0.5496455 
[19] 116.7017 118.3660 120.1054 121.9187 123.8043
[19] 1000.725 1012.759 1024.859 1037.025 1049.256
 0.1166171  0.1168748  0.1171921  0.1175658  0.1179925 
[20] 424.1284 425.1187 426.1103 427.1035 428.0985
[20]  994.7669 1006.7063 1018.7137 1030.7886 1042.9304 
 0.4263596  0.4222868  0.4182827  0.4143463  0.4104766 

Batch
   10^(-6)  2*10^(-6) 3* 10^(-6)  4*10^(-6)  5*10^(-6) 
[1]  389.6368 1953.4019 2745.2974 3190.5632 3481.5929
[1]  1061.138  5663.961  8252.731  9737.612 10689.593
 0.3671878  0.3448826  0.3326532  0.3276536  0.3256993 
[2]  368.4936 1299.3314 1857.1993 2178.1215 2380.2341
[2]  1098.807  5523.982  8038.890  9477.582 10399.835
 0.3353578  0.2352165  0.2310268  0.2298183  0.2288723 
[3]  290.2539  786.0918 1038.2099 1180.7028 1264.4918
[3]  908.5999 3099.8944 4574.5046 5429.4122 5974.2501
 0.3194518  0.2535866  0.2269557  0.2174642  0.2116570 
[4]  161.0743 1288.6121 1834.4721 2138.1357 2335.1409
[4]  1235.236  5703.864  8050.135  9380.221 10228.419
 0.1303997  0.2259192  0.2278809  0.2279409  0.2282993 
[5] 127.2682 282.4036 323.2352 353.8914 378.9486
[5]  919.4578 2962.1409 4401.5588 5232.1889 5769.0398 
0.13841662 0.09533767 0.07343653 0.06763736 0.06568659 
[6]  327.3985 1594.8477 2171.6979 2495.4280 2699.6175
[6]  1017.660  5369.695  7787.870  9172.261 10060.884
 0.3217172  0.2970090  0.2788565  0.2720625  0.2683281 
[7] 111.3403 313.3519 396.3775 445.5083 482.7010
[7]  902.5394 3158.3387 4624.5443 5465.1510 6009.9121
0.12336343 0.09921415 0.08571170 0.08151802 0.08031749 
[8]  437.2049 2074.2651 2826.0667 3240.3006 3504.9936
[8]  1131.113  5892.567  8542.522 10047.789 11013.079
 0.3865262  0.3520138  0.3308235  0.3224889  0.3182574 
[9]  302.8389 1700.4232 2357.9591 2718.6629 2953.2249
[9]  1145.377  5787.765  8362.722  9826.276 10768.265
 0.2644011  0.2937962  0.2819607  0.2766728  0.2742526 
[10]  182.5365 1732.2068 2550.0838 3022.3759 3317.3986
[10]  1013.762  5548.526  8012.452  9419.940 10313.232
 0.1800585  0.3121923  0.3182651  0.3208487  0.3216643 
[11] 254.1106 386.0661 463.4358 516.4417 547.4306
[11]  779.4252 2611.1396 3918.4405 4677.2157 5163.4227
 0.3260230  0.1478535  0.1182705  0.1104165  0.1060209 
[12]  301.6257 1386.0368 1975.5810 2314.2687 2529.5159
[12]  1145.289  5764.629  8303.628  9760.452 10688.338
 0.2633621  0.2404381  0.2379178  0.2371067  0.2366613 
[13]  445.960 1197.789 1715.207 2013.707 2206.777
[13]  1073.930  5507.846  8034.552  9483.455 10402.822
 0.4152600  0.2174695  0.2134789  0.2123390  0.2121325 
[14]  448.3408 1945.6750 2580.9987 2931.5481 3151.1638
[14]  1097.144  5547.040  7963.628  9345.228 10227.442
 0.4086434  0.3507591  0.3240984  0.3136947  0.3081087 
[15]  203.3597 1594.7175 2341.1822 2765.3692 3038.2480
[15]  1062.144  5838.514  8435.703  9918.094 10861.327
 0.1914616  0.2731376  0.2775326  0.2788206  0.2797308 
[16]  208.5386 1340.9712 1943.1466 2287.5160 2508.0155
[16] 1038.838 5416.042 7784.874 9140.622 9996.812 
 0.2007421  0.2475925  0.2496054  0.2502583  0.2508815 
[17] 213.6281 281.2760 360.8565 402.5715 429.8885
[17]  937.1875 2857.5549 4262.1278 5077.2090 5602.2002
0.22794593 0.09843242 0.08466581 0.07928992 0.07673566 
[18]  481.5138  690.0734  884.3876 1010.6611 1110.6204
[18]  1142.244  5857.552  8362.188  9792.351 10705.953 
 0.4215508  0.1178092  0.1057603  0.1032092  0.1037386 
[19]  220.5386 1782.5962 2531.5399 2952.4890 3218.0554
[19]  1106.393  5809.792  8358.973  9817.223 10740.282
 0.1993311  0.3068262  0.3028530  0.3007458  0.2996249 
[20]  428.8707 1474.3959 2010.0247 2322.3589 2517.7892
[20]  1153.039  5715.470  8232.950  9674.274 10593.484
 0.3719480  0.2579658  0.2441439  0.2400551  0.2376734 



Local
  10^(-1) 4*10^(-1) 6*10^(-1) 8*10^(-1)   10^(-2)
 [1] 2376.769 2355.476 2330.626 2310.475 2378.200
[1] 6137.791 6232.378 6353.696 6504.558 6131.541
0.3872353 0.3779419 0.3668142 0.3552086 0.3878634 
[2] 6344.194 6417.342 6540.090 6753.542 6339.925
[2] 8201.185 8300.247 8449.259 8681.358 8195.050 
0.7735705 0.7731507 0.7740430 0.7779361 0.7736286 
[3] 6441.613 6452.215 6476.162 6516.620 6441.248
[3] 6940.401 7003.143 7084.563 7200.198 6936.227 
0.9281326 0.9213313 0.9141230 0.9050612 0.9286386 
[4] 10740.876 10725.722 10069.247  7565.274 10731.426
[4] 11438.98 11543.26 11400.33 10477.30 11427.61 
0.9389712 0.9291764 0.8832414 0.7220632 0.9390788 
[5] 2464.998 2474.413 2492.612 2525.361 2464.495
[5] 4509.342 4518.252 4537.973 4580.537 4508.921 
0.5466425 0.5476483 0.5492787 0.5513243 0.5465820 
[6] 3631.563 3634.066 3641.756 3661.232 3631.489
[6] 6790.771 6846.193 6919.936 7021.845 6787.114 
0.5347792 0.5308156 0.5262702 0.5214060 0.5350564 
[7] 1365.143 1376.272 1403.023 1462.454 1364.662
[7] 5683.187 5700.434 5729.270 5784.331 5682.156 
0.2402074 0.2414329 0.2448868 0.2528303 0.2401663 
[8] 5408.176 5458.259 5498.182 5501.010 5404.316
[8] 8872.060 8941.337 9024.999 9130.037 8867.287 
0.6095738 0.6104523 0.6092169 0.6025178 0.6094667 
[9] 2711.456 2713.169 2777.775 3024.356 2712.444
[9] 7175.021 7304.947 7497.637 7798.629 7166.932 
0.3779022 0.3714153 0.3704867 0.3878061 0.3784666 
[10] 5185.913 5135.833 5043.762 4860.761 5188.691
[10] 6946.074 6928.793 6892.461 6817.400 6946.940 
0.7465963 0.7412305 0.7317796 0.7129934 0.7469030 
[11] 4904.039 4871.591 4822.128 4719.886 4906.125
[11] 8846.751 8863.483 8886.863 8904.195 8845.761 
0.5543322 0.5496249 0.5426131 0.5300744 0.5546301 
[12] 6369.972 6286.914 6189.300 6073.024 6375.774
[12] 9080.581 9094.977 9122.735 9166.691 9079.888 
0.7014939 0.6912512 0.6784478 0.6625099 0.7021864 
[13] 6334.017 6180.423 5988.672 5785.925 6344.084
[13] 8865.901 8957.717 9095.058 9278.847 8860.385 
0.7144245 0.6899552 0.6584534 0.6235608 0.7160054 
[14] 6001.609 6059.003 6179.755 6448.995 5998.651
[14] 9235.494 9300.165 9409.493 9607.325 9231.704 
0.6498417 0.6514942 0.6567575 0.6712581 0.6497880 
[15] 4483.416 4507.186 4545.696 4618.420 4481.939
[15] 6990.388 7060.717 7141.186 7226.743 6985.512 
0.6413687 0.6383468 0.6365464 0.6390736 0.6416048 
[16] 1616.508 1600.950 1587.611 1590.412 1617.615
[16] 5307.028 5312.257 5329.542 5368.194 5306.976 
0.3045977 0.3013692 0.2978888 0.2962657 0.3048092 
[17] 7969.677 8178.700 8497.951 8999.798 7956.862
[17] 8471.445 8716.283 9045.227 9472.259 8455.671 
0.9407695 0.9383243 0.9394956 0.9501217 0.9410090 



Normal(0,1)


Batch 

   10^(-6)  2*10^(-6) 3* 10^(-6)  4*10^(-6)  5*10^(-6) 
[1] 103.8443 103.8099 103.7756 103.7412 103.7069
[1] 221.7402 221.6688 221.5975 221.5261 221.4548
 0.4683151  0.4683109  0.4683067  0.4683024  0.4682982 
[2] 111.7528 111.7195 111.6862 111.6529 111.6197
[2] 207.7291 207.6511 207.5733 207.4954 207.4176 
 0.5379737  0.5380153  0.5380568  0.5380984  0.5381399 
[3] 51.43949 51.42564 51.41179 51.39794 51.38410
[3] 189.8050 189.7446 189.6843 189.6240 189.5636 
 0.2710123  0.2710255  0.2710387  0.2710519  0.2710651 
[4] 118.3226 118.2855 118.2485 118.2115 118.1745
[4] 212.5880 212.4999 212.4119 212.3239 212.2359 
 0.5565815  0.5566380  0.5566944  0.5567509  0.5568074 
[5] 53.44287 53.43316 53.42346 53.41375 53.40405
[5] 161.0464 161.0033 160.9602 160.9171 160.8740 
 0.3318477  0.3318762  0.3319048  0.3319334  0.3319619 
[6] 77.68558 77.66414 77.64271 77.62129 77.59988
[6] 197.2986 197.2356 197.1728 197.1099 197.0470 
 0.3937463  0.3937632  0.3937801  0.3937970  0.3938140 
[7] 46.99422 46.98317 46.97213 46.96109 46.95005
[7] 184.8182 184.7612 184.7042 184.6472 184.5902 
 0.2542726  0.2542914  0.2543101  0.2543288  0.2543475 
[8] 47.90304 47.88946 47.87587 47.86230 47.84872
[8] 196.4030 196.3293 196.2556 196.1819 196.1083 
 0.2439018  0.2439242  0.2439465  0.2439690  0.2439914 
[9] 63.86895 63.85029 63.83164 63.81300 63.79437
[9] 207.2866 207.2003 207.1141 207.0278 206.9416 
 0.3081190  0.3081573  0.3081956  0.3082339  0.3082723 
[10] 68.10085 68.08245 68.06406 68.04567 68.02729
[10] 195.5013 195.4429 195.3846 195.3263 195.2680 
 0.3483397  0.3483495  0.3483594  0.3483692  0.3483791 
[11] 75.96419 75.94970 75.93521 75.92072 75.90624
[11] 174.9479 174.8991 174.8503 174.8015 174.7528 
 0.4342105  0.4342487  0.4342870  0.4343253  0.4343635 
[12] 100.8012 100.7685 100.7357 100.7030 100.6704
[12] 228.2433 228.1530 228.0627 227.9724 227.8821 
 0.4416391  0.4416706  0.4417020  0.4417335  0.4417650 
[13] 115.3881 115.3542 115.3202 115.2863 115.2524
[13] 209.7965 209.7311 209.6658 209.6004 209.5351 
 0.5500001  0.5500097  0.5500192  0.5500288  0.5500384 
[14] 69.70204 69.67898 69.65593 69.63289 69.60987
[14] 211.5731 211.4828 211.3926 211.3024 211.2122 
 0.3294465  0.3294782  0.3295098  0.3295415  0.3295732 
[15] 78.89899 78.87593 78.85287 78.82982 78.80678
[15] 192.4697 192.4127 192.3557 192.2988 192.2419 
 0.4099295  0.4099310  0.4099326  0.4099341  0.4099356 
[16] 79.11111 79.09336 79.07561 79.05786 79.04011
[16] 196.2509 196.1727 196.0946 196.0164 195.9383
 0.4031121  0.4031822  0.4032524  0.4033226  0.4033928 
[17] 46.66734 46.65554 46.64375 46.63197 46.62018
[17] 178.9290 178.8798 178.8306 178.7815 178.7324 
 0.2608149  0.2608206  0.2608264  0.2608322  0.2608379 
[18] 157.2057 157.1549 157.1040 157.0532 157.0024
[18] 244.6565 244.5714 244.4863 244.4013 244.3163 
 0.6425568  0.6425725  0.6425882  0.6426038  0.6426195 
[19] 96.91953 96.89795 96.87637 96.85480 96.83323
[19] 219.4439 219.3703 219.2968 219.2233 219.1497 
 0.4416597  0.4417094  0.4417592  0.4418090  0.4418587 
[20] 110.2984 110.2628 110.2273 110.1917 110.1562
[20] 210.1643 210.0869 210.0095 209.9322 209.8549 
 0.5248199  0.5248439  0.5248679  0.5248919  0.5249159 



Stocha



   10^(-6)  2*10^(-6) 3* 10^(-6)  4*10^(-6)  5*10^(-6)
[1] 103.8443 103.8099 103.7756 103.7413 103.7069
[1] 221.7402 221.6689 221.5975 221.5262 221.4549
 0.4683151  0.4683109  0.4683067  0.4683024  0.4682982 
[2] 111.7528 111.7195 111.6862 111.6530 111.6197
[2] 207.7291 207.6512 207.5733 207.4955 207.4177 
 0.5379737  0.5380152  0.5380568  0.5380983  0.5381398 
[3] 51.43949 51.42564 51.41179 51.39795 51.38411
[3] 189.8050 189.7446 189.6843 189.6240 189.5637 
 0.2710123  0.2710255  0.2710387  0.2710519  0.2710651 
[4] 118.3226 118.2855 118.2485 118.2115 118.1745
[4] 212.5880 212.5000 212.4119 212.3239 212.2360 
 0.5565815  0.5566380  0.5566944  0.5567508  0.5568072 
[5] 53.44287 53.43316 53.42346 53.41375 53.40405
[5] 161.0464 161.0033 160.9602 160.9171 160.8741 
 0.3318476  0.3318762  0.3319048  0.3319333  0.3319619 
[6] 77.68558 77.66415 77.64272 77.62130 77.59989
[6] 197.2986 197.2357 197.1728 197.1099 197.0471 
 0.3937463  0.3937632  0.3937801  0.3937970  0.3938139 
[7] 46.99422 46.98317 46.97213 46.96109 46.95006
[7] 184.8182 184.7612 184.7042 184.6472 184.5902 
 0.2542726  0.2542913  0.2543101  0.2543288  0.2543475 
[8] 47.90305 47.88946 47.87588 47.86231 47.84875
[8] 196.4030 196.3293 196.2556 196.1820 196.1084 
 0.2439018  0.2439242  0.2439466  0.2439690  0.2439914 
[9] 63.86895 63.85030 63.83165 63.81302 63.79440
[9] 207.2866 207.2003 207.1141 207.0279 206.9418 
 0.3081190  0.3081573  0.3081956  0.3082339  0.3082722 
[10] 68.10085 68.08245 68.06407 68.04568 68.02731
[10] 195.5013 195.4429 195.3846 195.3263 195.2681 
 0.3483397  0.3483495  0.3483594  0.3483692  0.3483791 
[11] 75.96419 75.94970 75.93521 75.92072 75.90624
[11] 174.9479 174.8991 174.8503 174.8016 174.7528 
 0.4342105  0.4342487  0.4342870  0.4343252  0.4343634 
[12] 100.8012 100.7685 100.7358 100.7031 100.6704
[12] 228.2434 228.1530 228.0627 227.9725 227.8822 
 0.4416391  0.4416706  0.4417020  0.4417335  0.4417650 
[13] 115.3881 115.3542 115.3202 115.2863 115.2524
[13] 209.7965 209.7311 209.6658 209.6005 209.5352 
 0.5500001  0.5500097  0.5500192  0.5500288  0.5500383 
[14] 69.70204 69.67899 69.65594 69.63291 69.60989
[14] 211.5732 211.4829 211.3926 211.3024 211.2123 
 0.3294465  0.3294782  0.3295098  0.3295414  0.3295731 
[15] 78.89899 78.87593 78.85288 78.82984 78.80680
[15] 192.4697 192.4127 192.3557 192.2988 192.2419 
 0.4099295  0.4099310  0.4099326  0.4099341  0.4099356 
[16] 79.11111 79.09336 79.07561 79.05786 79.04012
[16] 196.2509 196.1727 196.0946 196.0165 195.9384 
 0.4031121  0.4031822  0.4032524  0.4033225  0.4033926 
[17] 46.66734 46.65555 46.64376 46.63197 46.62019
[17] 178.9290 178.8798 178.8307 178.7815 178.7324 
 0.2608149  0.2608206  0.2608264  0.2608321  0.2608379 
[18] 157.2057 157.1549 157.1041 157.0532 157.0025
[18] 244.6565 244.5714 244.4864 244.4014 244.3164 
 0.6425568  0.6425725  0.6425882  0.6426038  0.6426194 
[19] 96.91953 96.89795 96.87638 96.85481 96.83325
[19] 219.4439 219.3704 219.2968 219.2233 219.1498
 0.4416597  0.4417094  0.4417592  0.4418089  0.4418587 
[20] 110.2984 110.2628 110.2273 110.1917 110.1562
[20] 210.1643 210.0869 210.0096 209.9323 209.8550 
 0.5248199  0.5248439  0.5248679  0.5248919  0.5249158


Local
  10^(-1) 4*10^(-1) 6*10^(-1) 8*10^(-1)   10^(-2) 
 [1]  6.241867  8.907441 11.264700 29.019786  6.152614
[1] 30.67038 31.51498 40.99028 71.64807 30.84158
0.2035145 0.2826415 0.2748139 0.4050324 0.1994909 
[2] 58.83434 59.64019 57.57215 37.96098 59.03100
[2] 65.70421 64.08444 69.91035 73.45762 66.20433 
0.8954425 0.9306500 0.8235139 0.5167738 0.8916486 
[3]  94.94949  99.48789 100.63363 107.14042  94.55991
[3]  97.96229 102.19208 109.70305 122.48268  97.94686 
0.9692454 0.9735382 0.9173276 0.8747393 0.9654206 
[4]  51.78522  38.87669 210.27877 437.85367  53.01222
[4]  60.00918  48.06555 139.95394 252.69678  61.02275
0.8629551 0.8088266 1.5024855 1.7327236 0.8687287 
[5] 25.35950 28.15453 30.29831 29.80417 25.17758
[5] 48.36506 52.85990 64.76127 88.79111 48.31251
0.5243352 0.5326254 0.4678461 0.3356661 0.5211400 
[6] 30.63623 21.20140 21.18376 34.25974 31.15415
[6] 55.75029 50.86181 54.41613 73.73517 56.27020 
0.5495260 0.4168432 0.3892919 0.4646323 0.5536526 
[7] 41.68873 43.52144 43.60602 44.57771 41.45981
[7] 43.54429 49.36009 59.05352 70.52501 43.33563 
0.9573869 0.8817132 0.7384152 0.6320837 0.9567143 
[8] 33.03550 24.30786 23.46600 24.83373 33.76521
[8] 46.25720 43.55910 50.16217 63.62545 46.67954 
0.7141700 0.5580432 0.4678028 0.3903113 0.7233407 
[9]  78.24506  63.00574  87.51949 113.41310  80.87107
[9]  74.55660  69.31326  86.95430 112.15630  75.79023 
1.0494720 0.9089998 1.0064998 1.0112058 1.0670382 
[10] 19.72538 11.14270 16.73897 38.51145 20.70461
[10] 50.77900 47.68209 58.08298 86.79366 51.46414
0.3884554 0.2336874 0.2881906 0.4437127 0.4023115 
[11]  81.45977  59.63386 102.37823 426.10347  83.40955
[11]  67.03288  56.69112  82.14184 249.19851  68.13581 
 1.215221  1.051908  1.246359  1.709896  1.224166 
[12] 26.26351 22.23154 35.59432 48.75792 27.18260
[12] 50.90935 58.18340 77.29658 93.71077 51.11485
0.5158877 0.3820943 0.4604902 0.5203022 0.5317945 
[13] 32.94870 27.32263 48.95448 85.08137 33.86515
[13] 49.10842 49.30247 70.26332 96.25670 49.67894 
0.6709379 0.5541839 0.6967288 0.8839007 0.6816801 
[14] 54.84889 45.39557 39.48170 45.61904 55.41544
[14] 60.93745 56.51042 59.91600 78.37517 61.38207 
0.9000850 0.8033133 0.6589509 0.5820598 0.9027953 
[15] 85.12694 73.71993 78.14736 84.21665 86.77328
[15]  63.94165  61.41901  72.36264 104.17137  64.66437 
1.3313222 1.2002786 1.0799406 0.8084433 1.3419024 
[16] 28.82963 35.45529 35.01310 30.96091 28.20528
[16] 45.29483 51.22766 65.44311 87.68533 45.0828
0.6364883 0.6921122 0.5350158 0.3530911 0.6256317 
[17] 40.60553 41.74306 31.60579 56.79936 40.49081
[17] 56.48877 56.40458 60.30433 84.61419 56.77401 
0.7188248 0.7400651 0.5241048 0.6712747 0.7131926 


[1] 6.151811
[1] 30.84344
[1] 0.1994528
[1] 59.033
[1] 66.20952
[1] 0.8916088
[1] 94.55603
[1] 97.94695
[1] 0.9653801
[1] 53.02445
[1] 61.03274
[1] 0.8687869
[1] 25.17577
[1] 48.31217
[1] 0.5211062
[1] 31.15928
[1] 56.27548
[1] 0.553692
[1] 41.45743
[1] 43.33365
[1] 0.956703
[1] 33.77256
[1] 46.68391
[1] 0.7234305
[1] NA
[1] NaN
[1] NA
[1] 80.89803
[1] 75.80298
[1] 1.067214
[1] 20.71465
[1] 51.47136
[1] 0.4024501
[1] 83.42926
[1] 68.1471
[1] 1.224253
[1] 27.1921
[1] 51.11736
[1] 0.5319544
[1] 33.87445
[1] 49.68481
[1] 0.6817868
[1] 55.42115
[1] 61.38665
[1] 0.902821
[1] 86.79035
[1] 64.67201
[1] 1.342008
[1] 28.19895
[1] 45.08084
[1] 0.6255197
[1] 40.48998
[1] 56.77714
[1] 0.7131387
[1] NA
[1] NaN
[1] NA
[1] NA
[1] NaN
[1] NA




Clasificacion


Ascent  Crudos


[1] 0.9777778 0.9777778 0.9777778 0.9777778 0.9777778
          [,1]      [,2]      [,3]      [,4]      [,5]
[1,] 1.0000000 1.0000000 1.0000000 1.0000000 1.0000000
[2,] 1.0000000 1.0000000 1.0000000 1.0000000 1.0000000
[3,] 0.9444444 0.9444444 0.9444444 0.9444444 0.9444444
[4,] 1.0000000 1.0000000 1.0000000 1.0000000 1.0000000
[5,] 0.9444444 0.9444444 0.9444444 0.9444444 0.9444444
[1] 0.9777778 0.9777778 0.9888889 0.9888889 0.9888889
          [,1]      [,2]      [,3]      [,4]      [,5]
[1,] 1.0000000 1.0000000 1.0000000 1.0000000 1.0000000
[2,] 0.9444444 0.9444444 0.9444444 0.9444444 0.9444444
[3,] 1.0000000 1.0000000 1.0000000 1.0000000 1.0000000
[4,] 1.0000000 1.0000000 1.0000000 1.0000000 1.0000000
[5,] 0.9444444 0.9444444 1.0000000 1.0000000 1.0000000
[1] 0.9666667 0.9666667 0.9666667 0.9666667 0.9666667
          [,1]      [,2]      [,3]      [,4]      [,5]
[1,] 0.9444444 0.9444444 0.9444444 0.9444444 0.9444444
[2,] 0.9444444 0.9444444 0.9444444 0.9444444 0.9444444
[3,] 1.0000000 1.0000000 1.0000000 1.0000000 1.0000000
[4,] 0.9444444 0.9444444 0.9444444 0.9444444 0.9444444
[5,] 1.0000000 1.0000000 1.0000000 1.0000000 1.0000000
[1] 0.9666667 0.9666667 0.9666667 0.9666667 0.9666667
          [,1]      [,2]      [,3]      [,4]      [,5]
[1,] 1.0000000 1.0000000 1.0000000 1.0000000 1.0000000
[2,] 0.9444444 0.9444444 0.9444444 0.9444444 0.9444444
[3,] 0.9444444 0.9444444 0.9444444 0.9444444 0.9444444
[4,] 1.0000000 1.0000000 1.0000000 1.0000000 1.0000000
[5,] 0.9444444 0.9444444 0.9444444 0.9444444 0.9444444
[1] 0.9777778 0.9777778 0.9666667 0.9666667 0.9666667
          [,1]      [,2]      [,3]      [,4]      [,5]
[1,] 0.9444444 0.9444444 0.9444444 0.9444444 0.9444444
[2,] 1.0000000 1.0000000 0.9444444 0.9444444 0.9444444
[3,] 1.0000000 1.0000000 1.0000000 1.0000000 1.0000000
[4,] 0.9444444 0.9444444 0.9444444 0.9444444 0.9444444
[5,] 1.0000000 1.0000000 1.0000000 1.0000000 1.0000000
[1] 0.9555556 0.9555556 0.9555556 0.9555556 0.9555556
          [,1]      [,2]      [,3]      [,4]      [,5]
[1,] 1.0000000 1.0000000 1.0000000 1.0000000 1.0000000
[2,] 0.9444444 0.9444444 0.9444444 0.9444444 0.9444444
[3,] 0.9444444 0.9444444 0.9444444 0.9444444 0.9444444
[4,] 0.9444444 0.9444444 0.9444444 0.9444444 0.9444444
[5,] 0.9444444 0.9444444 0.9444444 0.9444444 0.9444444
[1] 0.9777778 0.9777778 0.9777778 0.9777778 0.9777778
          [,1]      [,2]      [,3]      [,4]      [,5]
[1,] 0.9444444 0.9444444 0.9444444 0.9444444 0.9444444
[2,] 0.9444444 0.9444444 0.9444444 0.9444444 0.9444444
[3,] 1.0000000 1.0000000 1.0000000 1.0000000 1.0000000
[4,] 1.0000000 1.0000000 1.0000000 1.0000000 1.0000000
[5,] 1.0000000 1.0000000 1.0000000 1.0000000 1.0000000
[1] 0.9666667 0.9666667 0.9666667 0.9666667 0.9666667
          [,1]      [,2]      [,3]      [,4]      [,5]
[1,] 1.0000000 1.0000000 1.0000000 1.0000000 1.0000000
[2,] 0.9444444 0.9444444 0.9444444 0.9444444 0.9444444
[3,] 0.9444444 0.9444444 0.9444444 0.9444444 0.9444444
[4,] 0.9444444 0.9444444 0.9444444 0.9444444 0.9444444
[5,] 1.0000000 1.0000000 1.0000000 1.0000000 1.0000000
[1] 0.9555556 0.9555556 0.9555556 0.9555556 0.9555556
          [,1]      [,2]      [,3]      [,4]      [,5]
[1,] 0.9444444 0.9444444 0.9444444 0.9444444 0.9444444
[2,] 0.9444444 0.9444444 0.9444444 0.9444444 0.9444444
[3,] 0.9444444 0.9444444 0.9444444 0.9444444 0.9444444
[4,] 1.0000000 1.0000000 1.0000000 1.0000000 1.0000000
[5,] 0.9444444 0.9444444 0.9444444 0.9444444 0.9444444
[1] 1 1 1 1 1
     [,1] [,2] [,3] [,4] [,5]
[1,]    1    1    1    1    1
[2,]    1    1    1    1    1
[3,]    1    1    1    1    1
[4,]    1    1    1    1    1
[5,]    1    1    1    1    1
[1] 0.9666667 0.9666667 0.9666667 0.9666667 0.9666667
          [,1]      [,2]      [,3]      [,4]      [,5]
[1,] 1.0000000 1.0000000 1.0000000 1.0000000 1.0000000
[2,] 0.9444444 0.9444444 0.9444444 0.9444444 0.9444444
[3,] 0.9444444 0.9444444 0.9444444 0.9444444 0.9444444
[4,] 0.9444444 0.9444444 0.9444444 0.9444444 0.9444444
[5,] 1.0000000 1.0000000 1.0000000 1.0000000 1.0000000
[1] 0.9555556 0.9555556 0.9555556 0.9555556 0.9555556
          [,1]      [,2]      [,3]      [,4]      [,5]
[1,] 1.0000000 1.0000000 1.0000000 1.0000000 1.0000000
[2,] 0.9444444 0.9444444 0.9444444 0.9444444 0.9444444
[3,] 0.9444444 0.9444444 0.9444444 0.9444444 0.9444444
[4,] 0.9444444 0.9444444 0.9444444 0.9444444 0.9444444
[5,] 0.9444444 0.9444444 0.9444444 0.9444444 0.9444444
[1] 0.9666667 0.9666667 0.9666667 0.9666667 0.9666667
          [,1]      [,2]      [,3]      [,4]      [,5]
[1,] 1.0000000 1.0000000 1.0000000 1.0000000 1.0000000
[2,] 0.9444444 0.9444444 0.9444444 0.9444444 0.9444444
[3,] 0.9444444 0.9444444 0.9444444 0.9444444 0.9444444
[4,] 1.0000000 1.0000000 1.0000000 1.0000000 1.0000000
[5,] 0.9444444 0.9444444 0.9444444 0.9444444 0.9444444
[1] 0.9444444 0.9444444 0.9444444 0.9444444 0.9444444
          [,1]      [,2]      [,3]      [,4]      [,5]
[1,] 0.9444444 0.9444444 0.9444444 0.9444444 0.9444444
[2,] 0.9444444 0.9444444 0.9444444 0.9444444 0.9444444
[3,] 0.9444444 0.9444444 0.9444444 0.9444444 0.9444444
[4,] 0.9444444 0.9444444 0.9444444 0.9444444 0.9444444
[5,] 0.9444444 0.9444444 0.9444444 0.9444444 0.9444444
[1] 0.9888889 0.9888889 0.9888889 0.9888889 0.9888889
          [,1]      [,2]      [,3]      [,4]      [,5]
[1,] 1.0000000 1.0000000 1.0000000 1.0000000 1.0000000
[2,] 1.0000000 1.0000000 1.0000000 1.0000000 1.0000000
[3,] 0.9444444 0.9444444 0.9444444 0.9444444 0.9444444
[4,] 1.0000000 1.0000000 1.0000000 1.0000000 1.0000000
[5,] 1.0000000 1.0000000 1.0000000 1.0000000 1.0000000
[1] 0.9555556 0.9555556 0.9555556 0.9555556 0.9555556
          [,1]      [,2]      [,3]      [,4]      [,5]
[1,] 1.0000000 1.0000000 1.0000000 1.0000000 1.0000000
[2,] 0.9444444 0.9444444 0.9444444 0.9444444 0.9444444
[3,] 0.9444444 0.9444444 0.9444444 0.9444444 0.9444444
[4,] 0.9444444 0.9444444 0.9444444 0.9444444 0.9444444
[5,] 0.9444444 0.9444444 0.9444444 0.9444444 0.9444444
[1] 0.9777778 0.9888889 0.9888889 0.9888889 0.9888889
          [,1]      [,2]      [,3]      [,4]      [,5]
[1,] 1.0000000 1.0000000 1.0000000 1.0000000 1.0000000
[2,] 0.9444444 1.0000000 1.0000000 1.0000000 1.0000000
[3,] 0.9444444 0.9444444 0.9444444 0.9444444 0.9444444
[4,] 1.0000000 1.0000000 1.0000000 1.0000000 1.0000000
[5,] 1.0000000 1.0000000 1.0000000 1.0000000 1.0000000
[1] 0.9555556 0.9555556 0.9666667 0.9666667 0.9666667
          [,1]      [,2]      [,3]      [,4]      [,5]
[1,] 0.9444444 0.9444444 0.9444444 0.9444444 0.9444444
[2,] 0.9444444 0.9444444 0.9444444 0.9444444 0.9444444
[3,] 0.9444444 0.9444444 0.9444444 0.9444444 0.9444444
[4,] 0.9444444 0.9444444 1.0000000 1.0000000 1.0000000
[5,] 1.0000000 1.0000000 1.0000000 1.0000000 1.0000000
[1] 0.9888889 0.9888889 0.9888889 0.9888889 0.9888889
          [,1]      [,2]      [,3]      [,4]      [,5]
[1,] 1.0000000 1.0000000 1.0000000 1.0000000 1.0000000
[2,] 1.0000000 1.0000000 1.0000000 1.0000000 1.0000000
[3,] 1.0000000 1.0000000 1.0000000 1.0000000 1.0000000
[4,] 0.9444444 0.9444444 0.9444444 0.9444444 0.9444444
[5,] 1.0000000 1.0000000 1.0000000 1.0000000 1.0000000
[1] 0.9666667 0.9666667 0.9666667 0.9666667 0.9666667
          [,1]      [,2]      [,3]      [,4]      [,5]
[1,] 1.0000000 1.0000000 1.0000000 1.0000000 1.0000000
[2,] 0.9444444 0.9444444 0.9444444 0.9444444 0.9444444
[3,] 0.9444444 0.9444444 0.9444444 0.9444444 0.9444444
[4,] 0.9444444 0.9444444 0.9444444 0.9444444 0.9444444
[5,] 1.0000000 1.0000000 1.0000000 1.0000000 1.0000000




Standar








